20
6 2
0 
17
15 2
19 
1
19 1
14 
4
7 3
10 
10
17 3
0 
1
18 2
1 
6
6 8
5 
2
13 6
18 
1
20 0
0 
19
17 1
4 
6
2 4
16 
3
13 7
19 
1
9 6
9 
11
10 10
8 
2
19 1
2 
9
1 8
4 
15
5 3
17 
1
1 1
6 
13
5 10
5 
12
14 6
5 
14
16 1
13 
2
1 10
12 
4
4 10
5 
2
3 8
7 
1
15 2
1 
0
14 1
4 
4
5 2
7 
13
19 1
10 
2
0 2
19 
1
3 8
2 
0
19 1
18 
1
4 11
15 
3
7 12
18 
1
3 11
15 
3
4 11
8 
11
10 2
4 
1
12 8
18 
1
5 10
0 
6
1 16
5 
6
16 3
2 
5
4 15
14 
5
16 3
17 
3
1 11
7 
6
16 4
6 
13
10 1
11 
4
3 13
11 
8
8 10
10 
8
1 11
11 
4
17 3
8 
7
9 11
